100,10,2474.5631580352783,[63, 29, 79, 3, 34, 18, 77, 25, 95, 88, 9, 35, 10, 73, 48, 52, 39, 61, 40, 87, 55, 50, 78, 1, 41, 4, 22, 74, 11, 15, 81, 92, 86, 69, 7, 5, 44, 76, 93, 80, 54, 89, 37, 85, 60, 16, 96, 6, 91, 2, 83, 42, 24, 68, 56, 19, 59, 13, 33, 28, 98, 21, 27, 51, 26, 12, 43, 57, 75, 0, 46, 64, 99, 83, 66, 94, 58, 71, 30, 84, 47, 36, 23, 72, 14, 97, 90, 67, 62, 70, 17, 8, 53, 32, 31, 49, 45, 82, 38, 65]
4,2,2.54970383644104,[1, 3, 0, 2]
4,2,0.6303770542144775,[1, 3, 0, 2]
12,3,1.1028077602386475,[2, 10, 9, 1, 7, 2, 6, 3, 0, 4, 2, 4]
12,3,1.7624309062957764,[0, 2, 3, 10, 5, 9, 1, 3, 0, 6, 9, 2]
4,2,0.3659849166870117,[3, 1, 3, 1]
4,3,1.9932730197906494,[1, 3, 2, 0]
12,3,3.5127389430999756,[4, 9, 0, 8, 10, 2, 6, 10, 1, 11, 5, 7]
8,3,1.9226202964782715,[4, 1, 5, 0, 5, 7, 2, 6]
8,3,1.9004271030426025,[5, 7, 0, 4, 6, 1, 3, 6]
16,0,9.057837009429932,[14, 8, 10, 4, 2, 15, 12, 10, 13, 1, 6, 11, 3, 0, 5, 9]
50,0,216.0677239894867,[16, 19, 11, 32, 21, 2, 6, 8, 19, 37, 45, 6, 40, 5, 34, 9, 46, 36, 39, 28, 9, 25, 1, 44, 12, 18, 28, 24, 3, 10, 31, 42, 0, 17, 26, 47, 39, 23, 14, 26, 13, 4, 35, 21, 24, 49, 36, 38, 22, 7]
