100,10,2474.5631580352783,[63, 29, 79, 3, 34, 18, 77, 25, 95, 88, 9, 35, 10, 73, 48, 52, 39, 61, 40, 87, 55, 50, 78, 1, 41, 4, 22, 74, 11, 15, 81, 92, 86, 69, 7, 5, 44, 76, 93, 80, 54, 89, 37, 85, 60, 16, 96, 6, 91, 2, 83, 42, 24, 68, 56, 19, 59, 13, 33, 28, 98, 21, 27, 51, 26, 12, 43, 57, 75, 0, 46, 64, 99, 83, 66, 94, 58, 71, 30, 84, 47, 36, 23, 72, 14, 97, 90, 67, 62, 70, 17, 8, 53, 32, 31, 49, 45, 82, 38, 65]
4,2,2.54970383644104,[1, 3, 0, 2]
4,2,0.6303770542144775,[1, 3, 0, 2]
12,3,1.1028077602386475,[2, 10, 9, 1, 7, 2, 6, 3, 0, 4, 2, 4]
12,3,1.7624309062957764,[0, 2, 3, 10, 5, 9, 1, 3, 0, 6, 9, 2]
4,2,0.3659849166870117,[3, 1, 3, 1]
4,3,1.9932730197906494,[1, 3, 2, 0]
12,3,3.5127389430999756,[4, 9, 0, 8, 10, 2, 6, 10, 1, 11, 5, 7]
8,3,1.9226202964782715,[4, 1, 5, 0, 5, 7, 2, 6]
8,3,1.9004271030426025,[5, 7, 0, 4, 6, 1, 3, 6]
16,0,9.057837009429932,[14, 8, 10, 4, 2, 15, 12, 10, 13, 1, 6, 11, 3, 0, 5, 9]
50,0,216.0677239894867,[16, 19, 11, 32, 21, 2, 6, 8, 19, 37, 45, 6, 40, 5, 34, 9, 46, 36, 39, 28, 9, 25, 1, 44, 12, 18, 28, 24, 3, 10, 31, 42, 0, 17, 26, 47, 39, 23, 14, 26, 13, 4, 35, 21, 24, 49, 36, 38, 22, 7]
16,0,2.827268123626709,[10, 13, 4, 6, 0, 2, 15, 12, 7, 3, 8, 11, 1, 14, 9, 5]
16,0,8.616322040557861,[11, 14, 4, 1, 5, 8, 12, 3, 0, 13, 15, 6, 2, 10, 7, 9]
16,0,0.6559250354766846,[8, 12, 7, 4, 1, 9, 5, 13, 11, 3, 0, 6, 14, 2, 10, 15]
16,0,1.5682129859924316,[13, 6, 10, 1, 7, 12, 15, 2, 0, 11, 14, 5, 3, 9, 4, 8]
16,0,3.616377115249634,[13, 3, 12, 4, 7, 0, 10, 14, 1, 8, 15, 9, 6, 2, 5, 11]
25,0,51.41460704803467,[13, 16, 10, 7, 11, 15, 24, 0, 6, 23, 21, 5, 17, 12, 20, 4, 2, 9, 18, 14, 8, 22, 19, 1, 3]
100,0,54674.50807929039,[42, 93, 52, 67, 12, 48, 27, 91, 3, 69, 35, 20, 65, 30, 36, 80, 99, 29, 96, 86, 44, 14, 33, 64, 61, 41, 26, 53, 31, 98, 76, 7, 59, 68, 5, 1, 24, 75, 11, 8, 23, 85, 87, 25, 46, 74, 47, 28, 0, 55, 90, 38, 82, 72, 4, 73, 54, 22, 97, 92, 57, 6, 40, 18, 84, 51, 81, 71, 16, 83, 2, 17, 95, 45, 63, 49, 66, 34, 88, 70, 19, 32, 10, 39, 37, 15, 78, 94, 21, 56, 13, 50, 62, 89, 79, 58, 43, 77, 9, 60]
10,0,0.06745290756225586,[6, 2, 5, 1, 9, 0, 3, 7, 4, 8]
10,0,0.0988309383392334,[8, 2, 7, 1, 3, 5, 0, 9, 4, 6]
25,0,18.284448862075806,[14, 21, 5, 24, 11, 6, 15, 12, 20, 22, 2, 9, 1, 3, 16, 10, 7, 23, 18, 13, 17, 8, 4, 19, 0]
20,0,4.952927112579346,[8, 10, 18, 13, 6, 17, 19, 0, 11, 3, 5, 7, 1, 4, 14, 12, 15, 9, 16, 2]
20,0,8.13137698173523,[12, 3, 18, 16, 5, 2, 11, 14, 7, 15, 8, 0, 4, 1, 17, 19, 10, 13, 9, 6]
20,0,3.8388898372650146,[6, 12, 18, 1, 17, 10, 16, 0, 4, 9, 13, 3, 7, 14, 11, 2, 15, 19, 8, 5]
20,0,0.6497092247009277,[11, 13, 5, 18, 12, 1, 16, 2, 0, 8, 19, 9, 3, 6, 14, 17, 10, 7, 15, 4]
10,0,0.1183919906616211,[9, 3, 6, 4, 1, 8, 0, 5, 7, 2]
10,0,0.22587800025939941,[1, 3, 7, 9, 4, 8, 5, 0, 2, 6]
10,0,0.07315897941589355,[0, 4, 6, 9, 3, 1, 8, 2, 5, 7]
30,0,75.80370211601257,[10, 17, 25, 12, 16, 6, 23, 14, 22, 13, 28, 1, 7, 0, 27, 20, 24, 15, 29, 5, 3, 21, 11, 2, 4, 19, 8, 18, 9, 26]
30,0,6.278188943862915,[20, 29, 17, 5, 22, 10, 27, 0, 19, 9, 11, 14, 26, 4, 23, 21, 24, 7, 13, 15, 2, 28, 1, 6, 8, 3, 25, 12, 16, 18]
30,0,71.47169804573059,[9, 25, 21, 10, 14, 5, 0, 15, 11, 20, 28, 16, 29, 2, 6, 27, 1, 4, 19, 12, 24, 3, 18, 13, 8, 22, 7, 26, 23, 17]
30,0,365.8375189304352,[11, 20, 18, 21, 9, 29, 4, 16, 25, 0, 5, 19, 15, 12, 24, 28, 2, 23, 1, 7, 22, 8, 14, 27, 13, 10, 6, 17, 3, 26]
30,0,93.17532896995544,[28, 1, 14, 0, 6, 20, 25, 23, 13, 8, 16, 18, 26, 2, 22, 7, 27, 3, 19, 29, 24, 12, 5, 17, 11, 9, 21, 15, 4, 10]
30,0,8.62067198753357,[21, 3, 16, 8, 5, 17, 9, 25, 23, 15, 0, 19, 11, 6, 27, 2, 4, 26, 10, 14, 18, 28, 7, 12, 1, 22, 20, 13, 24, 29]
30,0,19.632801055908203,[0, 11, 14, 17, 9, 18, 4, 22, 19, 12, 1, 8, 2, 29, 23, 7, 20, 24, 26, 15, 5, 10, 28, 16, 25, 13, 21, 3, 27, 6]
30,0,38.558526039123535,[11, 23, 17, 10, 0, 3, 14, 7, 21, 28, 24, 12, 4, 29, 18, 25, 2, 26, 20, 16, 8, 6, 9, 13, 27, 19, 15, 22, 5, 1]
